2004852749704597928
2004510193573577115
2004698013172920387
2004855153569268056
2004706398215831773
2004323695008141426
2004785381490000145
2004713750281265316
2004695611829006554
2004716721043898866
2000891108889649511
2004121843326910784
2004777070468137118
2003354987649438109
2005495854132847076
2005486527124853129
2005198761501585818
2001247284538073432
2005522564156977238
2004860673868923054
2005501673717084643
2004726122114924670
2005434250720682310
2005571847589712307
2005228991259828224
2001824477257306576
2005610697712103734
2005572382971568489
2005676497332559988
2001488483102367924
2002613249032990720
1997660451417534542
2005462436422570214
2005506892114903159
2005829146593878127
2005782457103364517
2004866310094942379
2001595087093141652
2013178108149477777
2016836577163616698
2013165719362363483
2016868326153343443
2015536063436243431
2015004220051837056
2013993504876183869
2016817012975292899
2013598363707679054
2016171462433112444
2015242759310049399
2014657380408295782
2017054169556029491
2016721185095201010
2017121037658538017
2015628259162042457
2014650640589537773
